0.00 5.74 5.96 12.70 6.00 9.01 9.09 13.28 13.89 13.23 9.07 10.42 16.13 15.31 9.59 15.70 9.47 13.66 15.28 11.97 13.19 13.54 10.98 13.53 13.01 9.30 9.33 13.07 9.12 9.22 14.77 87.89 129.38 125.94 124.52 64.71 67.98 75.40 86.80 65.88 14.64 16.89 21.25 21.41 19.76 19.13 16.18 19.26 21.59 19.96 20.45 27.75 16.81 20.42 12.19 26.77 29.34 100.03 129.87 94.80 85.51 101.28 110.83 116.34 15.76 10.00 10.88 9.37 13.43 15.91 12.32 33.66 30.69 38.05 27.14 36.51 29.70 26.84 38.91 113.27 96.75 99.38 70.30 88.46 64.45 65.81 78.73 86.32 86.49 75.31 60.63 76.26 95.00 84.96 54.83 97.60 85.67 72.23 90.48 87.71 88.80 82.62 92.74 74.20 72.14 93.20 88.40 90.31 88.08 59.71 8.15 10.03 7.43 10.39 10.12 22.63 18.80 17.11 125.89 105.74 104.90 111.12 11.00 139.00 138.61 19.90 13.76 16.38 21.60 12.77 10.88 17.39 7.17 113.63 92.98 143.61 140.31 114.73 138.38 128.77 156.30 166.91 138.01 151.96 16.37 19.19 12.08 18.17 14.89 13.36 16.86 100.31 26.20 24.62 17.70 82.88 66.96 19.83 18.64 122.51 23.24 19.71 20.32 17.66 17.99 22.55 21.53 16.48 31.15 20.93 14.20 28.28 86.49 22.06 16.85 23.35 20.84 17.62 14.53 105.77 9.19 62.63 108.58 127.08 10.54 34.36 49.73 130.10 10.61 86.24 77.72 19.48 99.48 102.94 133.66 99.98 42.12 25.74 102.84 7.93
5.74 0.00 12.48 6.19 3.84 5.68 14.26 13.16 9.12 13.21 10.89 7.53 9.93 9.09 12.64 11.75 7.87 11.48 10.97 12.68 15.41 11.40 17.77 14.52 9.67 12.84 12.88 11.90 15.87 12.54 12.69 76.63 121.01 113.61 72.24 81.36 89.63 116.64 77.87 64.70 12.29 19.20 18.80 18.35 20.84 19.74 18.23 19.14 21.10 13.02 22.52 27.64 16.12 20.80 14.60 25.46 24.86 87.02 119.61 100.26 101.10 109.93 94.04 113.14 23.00 14.37 10.99 11.87 13.54 13.20 9.39 38.56 37.65 32.61 83.80 34.93 34.87 28.39 34.22 100.92 116.74 101.06 56.06 76.06 62.15 59.74 70.09 107.89 70.15 73.63 73.42 74.70 71.96 95.34 59.53 109.44 81.16 76.52 74.61 56.01 111.21 91.73 93.08 91.84 56.90 109.69 82.80 90.79 74.65 93.67 6.92 8.32 9.13 7.82 10.68 17.66 18.74 13.90 113.36 113.16 122.33 108.91 9.01 134.95 145.40 17.52 19.71 14.20 9.93 9.48 10.26 8.79 10.73 127.27 105.56 135.93 134.13 105.86 83.00 141.05 152.05 172.21 136.06 131.52 17.76 13.91 10.64 14.58 12.99 18.16 14.61 101.92 22.90 19.53 23.27 68.31 51.86 19.06 22.34 117.45 24.31 19.53 23.69 17.02 17.83 24.62 19.64 13.34 31.58 22.76 12.56 29.45 103.18 16.26 30.59 24.15 26.06 14.49 16.27 63.00 14.22 82.77 125.53 114.22 17.86 89.62 129.51 117.17 12.24 103.57 71.10 20.19 80.91 78.13 131.54 107.40 46.78 36.46 100.57 16.68
5.96 12.48 0.00 12.64 3.47 4.82 13.41 18.58 10.97 15.91 9.03 6.92 17.02 19.93 10.84 15.94 10.25 11.37 12.60 10.72 11.44 15.57 16.71 8.21 13.11 10.23 17.20 16.92 15.29 16.41 12.56 106.36 130.30 124.37 79.70 70.96 75.67 77.42 89.00 63.04 13.07 20.28 16.89 14.88 20.79 21.85 20.81 15.27 21.80 12.02 16.92 24.25 18.12 14.81 17.58 24.66 22.30 111.45 97.41 99.30 118.93 97.16 130.67 112.16 19.39 14.47 15.02 13.05 13.04 13.94 13.47 37.63 34.45 39.81 34.64 36.91 30.62 30.57 72.85 107.60 111.72 96.87 74.86 83.12 83.98 53.02 59.62 82.52 72.94 59.49 77.26 78.71 80.43 72.84 57.24 108.62 87.33 75.88 83.13 76.53 78.88 84.23 94.35 72.41 56.13 102.25 89.57 98.74 64.50 75.60 9.05 9.55 11.11 12.25 11.34 14.87 18.39 13.30 137.38 114.24 118.47 120.37 15.53 158.21 145.89 11.08 15.24 14.88 23.43 13.37 12.10 14.90 11.37 99.55 114.50 151.73 155.31 132.79 138.19 128.39 136.66 188.57 149.68 156.20 20.71 12.82 18.26 17.43 16.35 21.59 16.52 93.60 31.61 16.09 22.02 99.52 47.51 14.74 17.34 113.37 16.84 30.12 18.06 21.82 19.85 22.35 20.62 20.48 23.09 28.07 25.60 27.12 142.55 21.78 21.62 30.52 24.89 20.97 16.60 71.98 14.62 67.47 108.97 111.53 13.18 50.97 66.10 104.89 17.36 125.40 70.26 17.76 89.53 95.84 121.05 89.77 43.99 33.71 96.06 13.29
12.70 6.19 12.64 0.00 2.53 6.75 10.60 12.99 12.10 15.24 11.01 7.78 11.03 13.33 8.89 9.92 4.86 23.71 14.36 11.44 13.31 13.12 12.71 7.46 8.90 15.01 10.77 9.47 8.70 14.68 11.43 86.79 136.76 115.21 97.60 71.03 68.52 75.75 84.69 63.75 13.85 17.20 17.51 17.56 20.72 10.62 16.07 17.68 19.18 19.04 16.41 20.09 13.80 18.52 13.99 18.69 18.39 99.26 118.80 99.04 97.09 120.11 86.08 94.90 14.93 16.78 12.81 8.53 13.29 11.59 9.28 27.79 44.22 31.04 25.73 30.81 30.15 35.18 29.71 102.70 131.23 111.91 70.64 79.07 74.23 56.07 68.89 69.09 86.04 75.91 58.69 73.55 83.84 91.66 59.32 94.97 83.49 62.30 76.91 53.62 85.71 86.88 85.99 65.91 55.61 106.08 87.95 87.58 68.89 70.02 9.02 12.22 14.61 13.79 7.79 22.52 29.82 10.57 93.41 97.67 123.05 124.50 27.65 141.15 131.49 17.22 10.79 15.74 16.72 12.21 12.64 8.58 4.52 112.87 119.31 136.81 135.06 142.77 108.44 134.44 164.30 173.26 159.92 148.43 22.79 13.03 16.05 15.57 10.07 14.93 15.41 115.81 24.18 25.62 16.21 122.71 44.02 25.57 16.19 106.89 22.55 18.90 21.40 15.75 18.99 21.66 17.01 16.43 15.00 32.55 17.06 28.24 114.99 21.60 21.85 25.50 22.58 10.33 21.66 54.92 21.37 81.86 98.97 91.27 14.54 51.11 49.95 114.93 20.08 98.92 83.56 16.89 91.54 76.92 90.65 106.55 41.45 36.99 84.14 13.99
6.00 3.84 3.47 2.53 0.00 17.96 14.83 12.67 10.35 8.99 5.62 2.75 7.76 5.24 6.83 12.83 3.38 11.38 12.17 11.13 10.35 6.03 14.34 4.52 12.32 9.09 10.95 13.84 7.61 11.63 9.71 114.72 136.02 115.41 74.59 57.22 56.81 39.63 77.64 57.15 11.85 13.91 21.80 15.50 15.25 12.81 17.09 18.61 14.44 13.77 10.20 16.35 10.33 9.83 10.87 14.79 13.48 77.16 83.95 91.59 78.27 84.82 134.04 92.63 7.15 13.39 9.94 14.53 11.87 11.42 8.01 29.75 28.19 23.63 24.04 25.59 34.77 20.23 26.29 116.11 83.38 73.84 44.28 59.38 63.10 40.77 51.44 67.55 77.34 64.44 49.14 50.00 65.19 77.63 58.02 95.22 59.53 70.92 61.20 50.60 82.17 57.82 85.06 62.06 58.96 74.95 73.59 76.92 56.88 45.69 5.27 6.49 11.05 3.88 7.52 13.08 12.62 9.17 119.69 127.50 82.74 100.25 5.20 125.96 138.26 14.14 11.51 10.56 6.65 5.99 9.53 5.65 5.13 99.37 74.70 159.87 137.47 91.20 119.99 154.86 168.17 205.26 137.80 133.21 11.96 12.24 12.47 9.94 7.48 13.81 11.65 86.54 18.81 12.99 17.00 125.44 51.78 13.81 16.67 138.95 18.24 18.07 12.07 12.56 11.08 19.81 14.05 10.33 18.21 16.35 14.40 19.42 139.83 13.11 14.14 23.72 22.60 11.55 20.37 107.74 14.99 69.15 80.27 84.62 9.59 34.60 51.24 70.51 13.32 91.86 65.21 13.17 88.44 73.33 124.35 122.10 41.09 27.72 88.38 9.38
9.01 5.68 4.82 6.75 17.96 0.00 10.87 16.10 13.01 14.76 10.49 9.12 18.16 12.47 14.84 11.97 11.47 14.15 13.20 11.59 12.80 10.78 11.82 12.54 15.92 13.69 12.59 13.79 12.17 11.09 11.33 111.46 90.42 101.16 88.04 49.69 84.28 63.66 106.71 66.72 16.75 19.09 22.71 21.42 18.54 14.44 21.28 20.75 21.57 13.32 17.55 26.84 18.63 19.74 21.03 26.58 20.52 79.43 94.54 101.51 108.56 123.67 102.65 98.35 16.35 22.18 15.54 11.45 14.79 15.11 11.73 37.20 29.34 36.63 56.39 31.79 38.14 29.85 65.03 114.61 114.30 123.95 59.33 77.05 87.44 56.65 70.20 80.20 76.94 67.49 68.27 104.49 89.96 92.44 56.59 97.23 75.73 70.95 80.44 77.15 83.01 82.58 86.92 70.91 60.36 108.34 95.64 89.83 73.47 70.30 7.83 15.44 10.37 13.70 14.69 21.41 14.59 15.13 136.67 113.56 131.01 92.98 13.90 124.86 143.60 13.22 25.73 17.35 11.81 18.15 20.53 8.98 15.27 119.22 121.01 154.01 146.81 79.69 77.22 127.64 136.99 147.62 174.27 140.07 13.99 12.79 21.45 17.37 26.29 20.68 17.16 98.21 28.99 19.32 19.26 80.70 48.03 24.09 19.24 102.38 21.92 28.04 24.54 20.63 19.73 22.65 21.81 20.88 24.25 31.95 30.56 27.07 72.23 22.62 19.87 25.03 25.87 19.09 19.44 66.55 11.31 66.33 127.48 109.30 13.11 39.68 75.15 45.76 9.97 114.32 75.57 23.14 108.18 64.71 137.32 97.82 40.98 31.91 110.87 17.83
9.09 14.26 13.41 10.60 14.83 10.87 0.00 4.65 3.83 5.50 5.42 8.98 3.55 8.59 3.48 2.04 9.12 5.54 8.00 1.55 7.77 4.50 4.27 2.60 8.13 4.47 1.97 8.23 3.35 8.90 6.50 83.84 81.36 107.15 84.42 41.44 51.75 45.42 64.14 44.65 15.59 12.12 21.53 14.15 9.26 6.55 13.57 6.56 13.45 11.02 13.87 12.52 12.46 6.46 7.08 16.36 15.99 117.30 124.83 99.71 108.74 88.40 100.89 83.51 3.47 2.23 6.14 6.63 4.80 3.59 3.03 26.29 23.00 24.88 16.61 24.72 21.43 22.97 15.09 84.64 104.97 104.95 42.25 52.71 48.15 42.82 40.05 52.12 60.85 49.95 58.38 54.23 60.74 66.73 39.08 68.41 54.03 48.12 61.65 43.38 50.55 71.40 74.00 59.79 36.84 72.75 72.98 68.37 55.06 48.33 10.71 10.48 6.67 10.64 5.15 23.18 22.43 10.72 77.81 107.92 89.41 92.49 10.21 154.90 139.86 8.59 10.36 16.24 8.92 6.17 7.76 12.54 5.30 94.79 95.86 146.02 147.39 92.38 133.50 127.00 141.85 163.51 130.68 146.44 14.41 14.36 7.56 9.08 6.54 3.49 4.74 98.27 24.88 22.10 23.35 74.48 45.74 20.05 17.25 108.52 7.49 6.03 5.17 6.92 7.89 10.15 14.49 5.83 17.46 23.23 11.19 19.22 59.99 11.95 12.72 16.07 16.13 18.59 20.91 47.52 14.68 43.60 78.65 94.28 19.19 44.75 52.83 66.64 11.32 95.08 98.74 14.91 87.78 86.38 145.59 97.03 50.30 35.82 97.50 14.72
13.28 13.16 18.58 12.99 12.67 16.10 4.65 0.00 1.26 2.59 0.29 6.58 1.67 1.27 1.75 5.87 5.48 1.23 1.13 3.99 1.78 2.69 6.43 3.82 1.36 1.73 4.45 2.11 2.76 9.02 7.32 86.63 88.62 89.02 76.92 45.93 53.21 48.40 63.69 52.88 18.66 18.56 27.45 17.56 7.65 7.50 12.47 6.43 8.41 6.05 14.46 12.13 7.60 9.91 6.34 8.68 7.55 83.87 113.85 112.05 87.80 86.58 94.42 112.25 6.83 6.40 4.06 4.39 6.34 5.56 11.36 21.47 19.80 20.33 17.73 22.46 19.91 22.16 19.88 94.98 89.92 96.12 42.13 66.62 54.20 41.62 45.76 69.29 61.82 51.56 43.94 62.23 51.66 80.60 44.24 76.45 61.90 54.20 63.41 50.91 75.07 79.35 75.25 52.45 41.50 77.36 81.02 78.54 58.15 53.14 5.89 9.91 7.75 6.10 8.31 18.38 20.73 11.38 113.11 103.56 104.87 103.97 16.87 139.74 151.67 16.23 19.71 14.79 12.12 11.80 17.90 16.14 19.16 108.71 95.30 138.09 149.12 108.86 114.38 152.69 162.71 158.64 127.92 135.56 16.62 15.12 3.25 3.46 5.05 5.82 10.97 90.06 24.89 18.56 27.08 81.02 48.93 21.60 25.50 102.71 9.73 12.31 8.54 8.37 8.44 15.72 16.34 12.78 8.57 18.18 5.72 15.35 61.15 10.28 13.03 13.94 15.50 19.74 19.15 58.03 12.06 50.64 125.85 88.71 19.45 48.99 45.20 46.07 12.33 90.21 83.21 17.48 86.58 126.59 118.48 66.89 40.08 38.63 93.49 10.40
13.89 9.12 10.97 12.10 10.35 13.01 3.83 1.26 0.00 2.17 3.71 9.27 4.96 0.64 1.31 11.61 5.58 0.70 1.10 6.81 2.67 1.50 6.31 3.84 1.78 2.64 4.74 1.98 3.22 1.94 2.96 82.09 110.91 92.70 74.56 43.86 50.31 46.51 60.60 46.24 22.81 18.18 20.34 20.46 5.25 5.45 7.47 12.58 7.25 6.11 8.34 10.82 2.93 6.50 6.09 11.06 14.24 78.81 94.83 88.04 76.06 91.79 97.62 87.50 4.14 6.58 4.35 7.32 5.45 7.80 9.67 22.48 18.41 23.63 11.95 21.03 22.13 21.61 13.21 89.02 105.25 91.85 37.09 66.86 58.70 43.32 44.19 68.17 69.90 49.82 44.96 62.34 54.41 84.91 39.70 79.79 63.50 56.60 60.72 52.06 56.15 72.42 77.24 54.80 43.30 82.00 62.26 82.18 47.92 48.75 8.74 8.49 3.39 6.16 6.14 15.18 20.38 13.12 93.64 87.92 103.07 103.66 14.73 128.79 123.83 16.20 20.05 18.61 14.49 13.90 16.87 12.69 10.65 98.20 107.85 147.28 158.97 77.85 68.70 145.78 142.61 120.41 137.47 143.46 14.82 17.86 8.31 3.23 5.56 7.25 12.50 82.84 26.11 27.89 21.52 85.25 63.24 21.28 25.91 96.76 10.29 11.78 10.30 7.67 6.26 9.28 8.98 8.31 10.48 16.36 6.98 13.85 80.02 9.93 13.27 14.59 16.79 19.53 13.59 50.55 12.27 44.53 94.51 85.55 11.58 35.62 47.56 55.52 5.64 98.34 53.28 17.78 92.17 90.25 67.53 108.46 42.44 31.97 89.27 11.25
13.23 13.21 15.91 15.24 8.99 14.76 5.50 2.59 2.17 0.00 8.49 5.92 1.57 2.91 8.04 10.62 4.69 5.76 1.87 4.89 5.75 1.94 8.67 2.09 6.95 6.03 3.45 3.81 3.39 5.86 5.80 80.99 121.36 114.21 83.35 53.92 49.85 64.59 78.81 48.29 20.57 17.20 19.30 20.28 9.78 7.53 11.37 6.99 10.20 6.02 13.18 10.12 5.08 14.27 6.77 16.28 14.11 77.53 106.34 89.07 83.73 98.00 92.00 80.98 8.46 3.80 7.87 9.99 5.56 5.20 6.94 24.77 26.79 18.00 16.80 20.46 20.73 22.03 29.57 104.97 104.60 107.02 57.19 71.74 51.56 49.84 44.18 67.62 59.19 52.70 46.62 62.43 62.62 78.30 44.06 82.64 60.32 60.33 57.61 50.01 72.57 67.90 81.08 58.76 43.38 73.96 78.46 75.65 72.28 46.92 6.31 7.91 10.91 12.41 8.91 19.43 22.80 16.89 122.31 121.00 115.59 94.92 17.71 165.90 140.41 22.41 16.87 14.36 9.46 13.86 15.96 12.46 11.68 108.96 107.91 143.23 130.22 90.86 79.60 135.60 154.56 148.20 143.76 130.84 20.04 25.42 12.46 11.01 3.63 14.24 5.27 98.83 29.37 21.89 22.03 108.50 53.51 25.00 21.98 94.10 10.53 17.33 9.40 8.98 10.47 11.85 10.90 14.17 14.29 17.02 10.75 25.91 75.84 12.02 10.66 14.51 14.22 16.25 20.69 73.83 14.56 42.35 115.28 102.04 16.45 51.95 60.06 69.92 11.89 88.34 54.53 18.46 74.89 84.36 108.08 102.06 41.16 39.00 93.99 17.64
9.07 10.89 9.03 11.01 5.62 10.49 5.42 0.29 3.71 8.49 0.00 6.17 1.29 5.78 0.29 7.83 4.42 1.24 1.57 5.49 1.47 5.89 6.10 4.54 1.56 1.06 3.96 2.21 1.24 3.06 4.84 76.39 96.38 99.46 76.86 59.36 47.51 49.95 74.63 42.24 16.84 17.15 26.03 24.69 8.24 5.21 12.53 5.00 8.28 4.17 6.17 8.27 10.12 5.46 5.11 8.99 10.13 95.49 86.33 86.50 86.25 116.22 84.69 89.38 7.94 4.14 3.41 5.57 7.68 8.44 3.76 21.36 24.13 21.45 20.00 20.20 22.42 23.08 15.64 82.20 106.20 95.17 44.20 76.36 54.31 40.48 44.24 66.81 59.31 54.43 44.86 65.06 62.87 79.61 38.98 76.83 59.36 52.06 60.62 45.43 65.88 65.36 75.36 53.17 43.16 64.07 72.86 72.93 54.42 47.41 9.05 7.20 6.36 9.72 4.29 19.94 24.50 10.59 118.08 96.29 100.32 104.52 16.32 142.67 128.92 14.20 14.44 15.86 12.62 16.87 12.38 18.38 12.35 98.53 110.85 171.48 162.22 85.80 99.08 160.36 149.34 163.61 130.22 129.06 15.95 16.47 7.64 4.11 6.59 4.58 10.16 92.33 28.76 26.77 29.00 66.37 46.95 26.01 23.60 91.16 13.38 14.20 9.72 7.90 10.21 7.30 9.48 9.94 11.37 13.84 7.08 15.76 81.99 12.55 10.16 9.46 14.23 19.14 16.78 45.89 15.17 59.16 95.51 85.67 16.98 35.08 46.00 56.34 7.84 93.24 71.24 17.84 81.61 92.56 77.11 86.27 45.82 43.10 89.15 10.58
10.42 7.53 6.92 7.78 2.75 9.12 8.98 6.58 9.27 5.92 6.17 0.00 9.95 10.38 5.96 6.47 0.61 5.13 7.31 5.86 4.48 7.98 7.57 4.54 5.01 5.54 12.55 6.47 7.72 5.73 2.90 70.44 105.95 123.89 93.94 62.68 48.40 48.64 78.16 59.07 19.92 16.13 18.44 17.51 11.27 13.31 11.88 13.74 12.01 11.29 12.85 18.21 9.56 10.10 7.64 16.65 17.39 89.12 77.07 79.13 84.94 106.82 78.84 77.11 7.56 10.05 7.94 5.38 8.13 7.65 7.86 27.34 19.97 30.57 22.13 20.45 22.53 19.82 23.76 104.66 97.61 100.92 55.29 78.86 67.65 52.98 50.53 67.67 60.76 58.73 47.55 72.91 62.93 80.35 47.96 77.56 74.65 59.58 64.60 51.59 75.01 74.82 79.83 56.20 47.65 72.83 80.77 80.25 65.77 52.04 5.46 5.21 7.87 7.54 6.60 16.64 22.90 10.91 124.41 137.92 138.46 96.03 13.80 134.64 126.24 12.49 17.08 19.48 12.89 10.56 10.75 17.93 4.78 108.41 102.58 136.98 137.20 87.45 75.32 121.90 137.00 145.17 139.83 126.57 16.86 10.47 7.17 9.60 13.16 12.59 11.66 102.21 26.15 21.52 21.62 67.06 53.49 18.05 22.66 113.90 14.11 16.62 11.70 13.66 18.44 12.68 13.46 13.17 14.14 15.98 11.88 14.60 60.27 16.34 14.62 23.61 17.60 12.67 17.19 67.90 17.80 49.56 95.25 88.35 12.25 41.20 68.54 71.33 8.79 89.77 60.64 16.60 78.63 77.61 70.32 84.42 36.09 40.23 119.29 18.84
16.13 9.93 17.02 11.03 7.76 18.16 3.55 1.67 4.96 1.57 1.29 9.95 0.00 1.13 0.43 5.99 7.69 4.74 1.97 7.08 4.95 1.97 9.67 4.78 0.94 2.92 6.90 1.54 2.33 7.39 3.70 81.60 127.76 118.38 70.66 52.07 55.05 52.43 70.76 49.87 15.67 15.84 19.60 17.57 12.39 9.52 12.95 5.84 9.69 8.56 11.47 13.54 4.89 4.78 11.46 15.80 12.70 79.01 79.94 86.70 84.50 110.36 88.97 93.95 7.28 4.40 6.18 6.62 8.19 6.75 8.74 23.45 20.70 27.30 16.96 19.68 17.90 20.87 18.52 101.69 105.64 97.11 52.20 63.31 64.79 49.61 47.40 73.07 69.73 50.37 49.29 66.89 54.86 86.37 51.20 82.34 63.35 49.54 69.77 46.60 62.42 71.77 78.47 56.85 47.03 68.78 77.32 77.75 51.63 50.64 8.27 9.97 7.97 7.73 9.67 21.28 26.93 14.28 135.89 120.29 122.11 93.72 22.99 145.78 134.20 12.19 18.07 16.39 14.32 12.17 12.75 12.57 14.07 106.56 109.71 143.68 150.15 98.12 80.90 146.34 150.90 133.85 137.50 124.58 18.90 18.07 8.41 10.25 11.41 10.09 8.07 94.64 29.12 20.36 21.35 91.12 57.85 22.84 25.35 102.19 11.44 12.00 7.89 15.17 9.64 11.60 12.26 11.37 10.69 23.96 12.89 16.18 71.74 11.80 12.91 15.29 19.84 15.62 22.99 56.02 15.67 48.55 105.61 78.89 16.60 50.98 42.69 80.52 17.13 85.97 56.59 18.09 75.58 84.49 73.63 110.75 35.12 43.00 94.97 16.73
15.31 9.09 19.93 13.33 5.24 12.47 8.59 1.27 0.64 2.91 5.78 10.38 1.13 0.00 5.66 9.99 7.30 2.82 3.31 6.97 1.86 5.39 8.06 4.91 1.68 3.20 6.55 3.54 2.59 3.24 5.72 77.67 118.87 124.41 86.56 49.50 48.95 51.91 103.73 57.45 21.21 14.67 21.90 19.07 12.65 9.45 9.85 6.61 7.70 9.21 11.08 16.65 9.92 4.66 5.96 13.32 11.57 80.92 95.06 86.15 86.89 81.78 90.35 90.60 7.50 5.93 8.01 6.90 6.23 7.91 9.13 22.11 19.90 22.97 15.61 23.19 21.42 14.21 17.68 101.39 98.50 99.43 49.78 66.91 59.67 49.80 49.62 70.72 62.38 56.56 51.40 66.26 61.87 87.09 50.03 89.44 69.51 54.62 67.86 46.23 63.41 76.70 79.14 54.40 45.03 76.36 83.55 78.23 60.43 47.92 8.82 9.07 6.64 9.83 5.01 24.24 19.07 13.22 128.13 126.81 118.14 97.64 15.14 159.84 145.39 15.28 20.08 19.91 17.01 13.27 11.40 11.20 11.83 113.67 98.53 138.24 133.14 93.75 70.15 145.60 137.44 134.44 137.34 132.71 16.70 16.73 7.93 4.22 6.51 6.50 12.47 86.98 31.72 22.13 23.55 74.32 69.70 24.67 23.19 107.26 13.34 8.61 8.53 10.31 12.30 14.93 7.72 11.72 11.38 13.75 16.85 15.59 73.34 13.61 12.47 17.67 15.04 16.02 20.42 60.51 12.87 46.98 85.05 117.43 17.20 48.30 53.74 64.91 8.79 105.25 64.78 14.28 80.96 84.14 121.97 93.37 42.08 36.40 82.56 14.20
9.59 12.64 10.84 8.89 6.83 14.84 3.48 1.75 1.31 8.04 0.29 5.96 0.43 5.66 0.00 6.72 7.38 5.13 2.30 3.87 2.78 1.08 3.02 3.30 0.38 1.53 5.70 2.44 1.83 2.54 6.38 77.00 93.06 82.09 87.44 46.48 51.53 48.45 85.24 46.70 19.61 16.99 23.11 20.67 8.09 4.82 8.02 6.36 7.59 9.97 7.78 13.22 4.26 3.17 5.34 9.71 10.38 119.93 89.20 79.47 94.21 99.25 92.77 112.41 4.28 4.32 3.34 9.58 4.81 5.65 7.91 20.34 17.29 17.99 17.78 19.57 21.04 14.76 21.31 97.55 87.74 98.58 38.74 60.28 52.27 48.74 49.25 72.17 58.56 57.01 43.32 68.52 57.38 88.34 42.13 70.06 57.51 44.71 62.13 47.52 64.33 74.62 86.39 50.94 40.29 67.27 70.81 84.14 52.27 44.74 5.06 10.24 7.45 6.45 6.40 18.35 22.86 12.21 117.92 91.74 82.18 101.04 16.52 149.69 140.47 16.47 20.18 16.92 10.15 9.47 8.79 14.85 6.30 86.12 82.36 149.40 151.45 124.43 90.91 129.34 121.32 157.06 135.94 126.80 15.53 17.18 8.58 7.00 7.20 4.83 9.51 89.09 27.89 23.57 20.66 84.13 43.46 27.90 18.45 111.95 6.86 7.85 9.22 7.37 5.58 8.88 7.22 8.35 12.96 18.71 5.84 18.02 65.82 11.84 10.29 16.29 12.79 19.79 17.74 55.54 15.05 44.58 78.68 105.75 18.36 43.13 49.90 69.33 7.43 92.21 62.20 17.37 87.23 110.64 122.46 99.65 46.85 34.67 107.72 17.19
15.70 11.75 15.94 9.92 12.83 11.97 2.04 5.87 11.61 10.62 7.83 6.47 5.99 9.99 6.72 0.00 3.20 9.32 5.15 2.72 9.36 8.37 9.87 7.98 7.02 5.93 8.34 4.64 7.49 7.74 5.25 77.18 116.67 109.34 88.38 48.26 50.24 55.05 72.10 49.50 15.94 11.08 18.88 16.01 12.29 11.27 14.31 13.76 13.72 12.60 13.53 16.29 9.10 8.30 9.65 13.71 13.55 96.34 78.10 92.39 88.02 83.78 94.39 109.86 5.82 8.36 4.27 5.06 7.86 9.55 9.09 23.84 23.29 30.66 23.92 23.22 26.61 24.48 18.30 112.14 110.84 97.92 55.26 69.91 70.15 45.94 48.23 75.91 69.59 49.85 44.37 59.87 56.15 67.47 43.75 78.39 55.60 56.85 67.11 47.77 60.69 65.61 68.11 49.98 44.53 94.17 74.66 77.57 52.77 53.77 10.10 10.62 9.23 11.16 5.97 21.19 21.15 4.71 119.88 118.27 125.94 110.09 15.43 172.94 140.96 16.46 14.49 11.86 8.11 13.92 11.81 7.21 6.62 100.21 99.37 138.97 158.23 94.70 89.46 151.63 146.06 146.67 134.08 128.97 20.49 10.08 9.24 11.84 8.93 7.03 9.68 91.83 29.00 16.55 29.23 75.78 46.60 17.34 20.57 96.93 13.24 17.63 12.57 9.62 12.09 11.85 11.44 10.32 14.80 17.75 10.36 22.59 61.14 18.10 13.21 21.11 18.34 14.09 20.02 66.45 12.07 48.37 100.97 99.60 18.09 50.78 69.68 58.61 11.76 85.78 71.92 21.26 80.12 82.46 110.30 91.09 31.84 39.82 86.65 17.97
9.47 7.87 10.25 4.86 3.38 11.47 9.12 5.48 5.58 4.69 4.42 0.61 7.69 7.30 7.38 3.20 0.00 7.35 7.01 3.24 3.21 9.68 5.92 5.28 6.33 9.43 2.83 3.12 4.35 5.92 2.33 64.15 87.72 88.72 51.99 53.86 52.38 49.74 73.16 46.49 14.94 12.39 18.14 13.75 12.38 13.82 10.36 12.17 13.93 16.32 13.98 15.64 7.73 10.11 7.86 21.64 20.66 90.33 108.59 92.93 77.83 78.53 98.24 81.30 6.17 6.61 5.06 3.39 8.89 6.80 6.00 22.51 22.68 21.76 22.10 22.25 25.52 19.85 22.23 100.79 88.08 91.31 46.37 65.85 54.18 41.23 44.07 85.34 59.80 53.74 43.34 63.01 54.23 65.96 45.68 71.58 71.98 54.38 57.11 46.71 57.81 86.00 80.07 53.92 44.24 75.96 87.61 69.53 53.21 53.02 4.31 5.32 7.16 5.73 4.65 16.32 19.38 10.59 113.09 92.65 85.60 112.68 10.43 138.86 155.54 12.03 13.60 10.82 8.71 8.97 6.68 16.82 6.11 85.96 84.81 199.46 147.37 96.04 88.25 155.43 132.74 140.91 126.12 135.00 16.96 8.70 11.23 7.17 11.45 8.32 7.80 89.39 27.50 17.80 22.34 61.69 41.66 16.87 19.12 124.38 8.23 15.33 8.17 11.78 13.53 10.47 10.22 10.33 13.10 16.28 8.27 17.76 51.25 14.88 11.58 22.35 18.36 13.12 15.89 41.09 11.89 49.93 94.30 94.73 11.95 34.48 47.75 66.11 9.90 104.55 74.38 11.16 82.71 61.47 120.38 70.44 31.35 31.94 96.33 10.38
13.66 11.48 11.37 23.71 11.38 14.15 5.54 1.23 0.70 5.76 1.24 5.13 4.74 2.82 5.13 9.32 7.35 0.00 2.50 9.03 1.76 2.24 3.04 8.11 6.00 3.25 7.48 3.04 4.92 4.80 10.09 77.00 117.94 122.15 71.82 45.38 48.56 54.28 86.57 48.50 21.79 17.64 24.72 18.30 12.45 10.05 9.02 10.86 8.39 6.18 9.67 14.95 7.74 7.32 11.69 10.14 10.66 88.13 109.84 97.22 84.04 93.23 80.80 86.21 9.67 7.08 6.74 6.22 8.52 7.14 10.67 22.93 25.27 19.34 16.32 25.51 24.40 19.73 22.29 95.70 106.41 104.34 56.53 75.51 60.98 46.97 48.13 67.17 59.79 52.19 49.72 58.23 60.05 89.62 45.17 70.99 59.54 63.37 63.53 54.29 69.76 73.82 75.89 63.82 46.83 84.84 77.23 74.92 50.02 51.88 13.02 11.11 4.90 8.87 8.79 24.97 31.07 10.87 116.82 121.59 115.31 98.72 20.19 151.10 150.18 18.32 18.80 22.54 17.84 11.67 12.48 12.83 13.11 117.51 98.88 137.83 150.89 94.51 90.89 142.55 157.31 137.90 142.85 140.00 13.42 16.86 8.63 8.16 9.05 8.81 7.81 95.11 30.73 25.28 27.18 77.36 57.69 28.26 35.92 105.39 10.16 14.87 19.44 15.48 13.67 10.88 17.46 8.12 12.38 15.69 5.71 14.95 99.53 12.56 12.77 10.20 17.06 19.88 21.07 55.25 13.78 50.41 97.79 92.78 28.37 50.29 62.66 64.20 9.56 93.72 67.29 23.07 81.83 86.73 110.61 105.04 43.29 49.12 85.07 13.54
15.28 10.97 12.60 14.36 12.17 13.20 8.00 1.13 1.10 1.87 1.57 7.31 1.97 3.31 2.30 5.15 7.01 2.50 0.00 8.44 2.28 0.97 3.46 4.57 1.62 5.97 3.55 4.24 5.55 2.50 5.66 73.94 128.43 135.80 93.53 50.63 51.16 82.12 74.98 49.22 13.52 20.33 19.17 21.67 6.46 6.43 9.35 6.16 8.35 7.34 8.37 14.24 5.69 11.62 7.71 14.57 10.18 133.16 91.21 84.87 86.07 85.93 82.26 128.24 5.01 5.16 6.63 6.68 7.57 7.15 5.83 23.89 20.43 17.92 16.64 20.00 23.96 15.95 20.48 97.70 100.44 99.44 55.36 64.31 57.57 44.48 50.04 71.79 62.29 55.50 47.49 77.41 69.85 79.33 45.40 84.27 59.03 55.75 73.57 46.27 66.94 77.61 79.50 54.06 48.10 71.67 75.26 76.68 55.53 48.59 7.36 7.82 10.11 11.70 6.29 19.14 27.81 11.28 125.80 124.92 121.31 90.69 14.70 135.12 139.60 14.16 19.96 20.27 18.09 12.54 13.71 16.85 10.82 125.59 97.92 140.90 146.47 88.66 93.56 163.73 141.57 136.02 140.46 126.40 18.95 15.91 6.47 7.66 8.46 12.86 7.83 95.31 30.32 21.21 22.61 78.91 53.38 26.34 22.00 106.89 9.58 10.61 7.80 8.92 14.28 9.82 9.67 11.29 13.04 19.82 4.74 15.81 86.81 13.52 10.47 15.37 13.43 21.68 18.91 56.82 14.85 54.10 88.52 92.24 15.87 47.02 55.91 65.76 8.74 98.36 70.96 24.92 99.55 82.51 124.82 94.88 35.06 26.37 89.83 14.84
11.97 12.68 10.72 11.44 11.13 11.59 1.55 3.99 6.81 4.89 5.49 5.86 7.08 6.97 3.87 2.72 3.24 9.03 8.44 0.00 5.64 6.11 6.03 2.77 7.54 4.72 2.23 3.00 4.28 7.68 5.42 79.23 128.49 121.42 83.32 47.30 55.17 46.64 74.89 47.90 11.12 15.18 16.49 16.75 10.75 11.91 15.59 8.41 17.23 10.62 13.43 15.60 5.92 11.29 8.12 13.98 17.57 114.75 77.66 87.86 82.71 86.92 82.39 88.96 5.06 3.98 7.86 2.69 7.86 5.50 4.86 30.11 21.30 23.24 21.82 26.31 20.00 17.70 25.08 94.39 105.45 98.74 54.69 62.15 55.70 48.19 46.59 68.41 60.36 56.49 48.14 71.35 61.73 79.66 46.97 74.60 71.60 68.06 70.55 49.34 59.80 78.47 83.47 55.50 50.13 74.80 83.75 72.55 57.45 49.63 9.78 11.54 10.08 7.29 7.46 21.56 21.12 7.80 120.96 117.66 118.40 92.03 12.55 147.61 140.13 12.32 10.94 15.29 15.07 11.35 10.25 9.42 4.45 108.95 129.32 133.51 140.37 93.66 94.51 134.41 138.56 139.70 135.61 136.18 22.43 11.66 9.67 9.58 6.72 10.27 9.70 108.17 27.52 22.71 24.69 74.30 52.53 19.91 17.46 99.97 14.42 9.88 7.48 11.55 12.21 19.16 10.16 6.38 14.86 19.70 18.92 18.41 63.41 8.97 12.40 21.38 19.57 17.35 21.11 60.52 13.13 50.38 83.87 78.41 15.06 49.80 61.81 127.05 10.64 94.06 75.47 15.68 85.78 75.30 74.85 102.64 38.91 30.11 95.51 15.01
13.19 15.41 11.44 13.31 10.35 12.80 7.77 1.78 2.67 5.75 1.47 4.48 4.95 1.86 2.78 9.36 3.21 1.76 2.28 5.64 0.00 0.61 3.01 5.64 1.42 2.12 3.90 7.20 1.37 1.54 4.13 86.85 126.00 105.84 83.35 63.05 50.72 51.92 79.09 54.90 17.65 19.62 24.05 21.16 11.27 8.32 13.78 9.25 12.52 9.38 12.62 12.68 12.50 7.58 6.82 14.21 12.00 99.66 106.00 98.30 87.36 84.33 100.08 93.05 4.52 6.81 8.64 5.78 8.56 7.56 6.98 24.12 22.13 27.63 18.71 22.66 23.22 16.42 21.23 97.96 107.43 95.74 60.97 76.67 60.17 44.76 47.31 68.53 56.38 51.56 48.89 75.49 69.62 85.97 41.57 96.73 62.73 54.32 73.41 57.11 62.80 82.72 77.08 54.54 43.54 82.87 76.85 78.39 59.46 44.85 10.13 6.85 7.86 10.06 9.55 19.08 29.47 10.90 109.41 121.92 104.38 95.86 19.84 167.64 150.66 14.00 14.60 18.19 14.91 13.64 12.93 19.35 6.29 108.56 98.15 142.22 136.51 73.15 79.41 132.50 137.88 139.84 141.15 129.86 17.94 16.98 10.72 6.85 6.09 7.51 7.53 90.53 33.93 23.78 25.95 87.96 49.37 19.54 24.84 98.15 10.28 6.76 12.06 12.38 12.46 14.18 10.12 11.36 9.68 15.88 8.57 19.12 82.83 11.40 13.48 17.50 15.96 12.73 17.53 62.00 17.17 51.25 102.62 81.16 19.68 52.45 62.67 70.47 12.33 95.68 65.33 19.72 78.98 96.52 86.82 86.63 38.22 49.04 95.57 16.41
13.54 11.40 15.57 13.12 6.03 10.78 4.50 2.69 1.50 1.94 5.89 7.98 1.97 5.39 1.08 8.37 9.68 2.24 0.97 6.11 0.61 0.00 5.88 5.45 1.15 1.23 4.44 1.18 0.82 5.02 3.15 78.02 122.15 135.71 84.62 52.71 51.21 65.07 85.20 48.03 24.85 16.51 19.99 17.70 7.48 6.28 11.54 7.11 10.34 7.32 9.55 10.16 5.79 8.17 6.47 12.43 16.50 83.13 88.24 126.09 143.36 90.33 97.22 80.87 6.56 5.99 10.46 5.07 5.61 9.36 11.01 21.25 21.58 23.04 15.72 25.42 26.77 25.00 15.59 107.39 98.18 98.48 64.34 70.90 61.75 47.98 50.99 69.63 67.06 51.85 48.64 68.34 61.22 83.79 45.84 78.83 61.54 53.88 65.11 48.72 74.27 74.87 77.92 58.13 48.15 91.39 83.94 75.78 60.84 52.22 8.56 14.45 8.73 6.81 10.34 26.16 19.24 12.19 111.86 131.87 119.45 106.94 14.05 144.87 155.57 12.89 17.77 20.91 11.93 13.07 12.28 14.30 6.24 108.39 110.19 140.68 138.28 87.97 82.09 136.22 142.57 157.62 140.61 124.31 15.84 11.49 5.61 11.78 7.04 9.79 9.21 100.64 31.55 25.57 25.36 79.84 59.88 27.00 27.98 108.42 8.85 8.56 10.50 9.27 8.19 8.81 7.36 14.60 13.67 24.42 8.16 18.24 70.28 12.48 14.53 11.73 17.37 17.54 20.93 70.62 16.59 47.72 94.25 104.26 18.94 54.57 41.33 69.14 9.27 88.87 92.99 15.23 95.84 87.40 108.32 110.19 38.73 40.01 81.88 12.43
10.98 17.77 16.71 12.71 14.34 11.82 4.27 6.43 6.31 8.67 6.10 7.57 9.67 8.06 3.02 9.87 5.92 3.04 3.46 6.03 3.01 5.88 0.00 2.91 3.37 7.76 4.86 2.04 4.05 7.16 3.62 87.71 108.38 120.78 99.71 48.24 57.71 51.52 79.15 52.29 21.95 21.30 24.90 19.39 12.43 8.28 11.06 4.66 10.22 7.52 11.23 16.48 9.17 5.17 6.77 14.68 12.34 80.15 79.29 89.35 81.91 93.28 90.13 92.70 5.31 4.80 7.59 7.08 4.74 7.05 4.39 18.32 21.73 23.20 20.12 23.70 23.34 18.40 18.98 104.45 102.55 97.28 54.24 75.08 57.07 46.61 43.13 60.59 57.58 50.23 47.17 67.73 49.59 74.13 48.92 84.09 78.20 49.16 75.90 45.22 64.29 74.84 79.11 59.11 45.66 70.04 73.01 69.93 48.43 48.55 9.15 9.31 9.48 11.24 7.33 22.41 25.15 9.65 121.00 119.05 130.10 94.92 17.24 153.64 151.53 12.84 15.16 21.33 18.62 10.09 17.25 20.20 11.42 108.18 96.62 135.37 144.94 87.73 111.10 134.72 133.63 147.36 140.32 132.18 19.12 12.94 5.83 6.01 4.91 8.82 12.09 92.08 25.35 28.16 27.58 84.76 47.22 19.68 23.09 105.15 11.47 9.71 8.38 13.40 18.38 14.04 10.75 6.44 8.69 17.96 9.09 22.45 82.11 13.56 13.78 15.51 17.77 17.37 20.53 56.84 20.34 65.98 121.82 97.76 19.45 51.10 52.08 69.80 17.43 83.31 65.55 19.60 90.61 78.63 104.90 96.39 38.92 32.25 84.86 17.86
13.53 14.52 8.21 7.46 4.52 12.54 2.60 3.82 3.84 2.09 4.54 4.54 4.78 4.91 3.30 7.98 5.28 8.11 4.57 2.77 5.64 5.45 2.91 0.00 2.44 2.19 2.44 2.46 2.38 4.55 4.28 81.01 91.26 108.62 57.13 46.83 50.70 49.34 67.46 48.58 18.21 15.58 19.34 15.22 9.03 9.56 9.55 6.66 10.16 9.38 12.79 11.83 6.55 5.37 5.21 17.51 11.78 99.89 82.76 105.92 79.03 129.07 89.96 104.69 4.59 3.18 5.58 2.30 4.59 5.48 4.47 22.98 22.83 23.44 16.24 20.52 21.38 19.91 14.19 99.49 93.92 102.88 42.61 67.87 66.30 40.86 44.28 64.18 64.23 53.56 46.10 63.70 58.39 70.16 45.10 81.53 68.74 52.80 72.78 42.60 62.94 69.40 70.00 69.87 45.14 68.71 71.53 69.28 50.73 47.23 6.73 5.90 3.48 6.82 6.52 18.48 23.07 7.21 99.79 95.93 91.79 103.90 13.13 126.78 136.39 13.51 12.24 22.77 16.14 10.81 10.56 13.24 8.24 99.36 112.78 160.65 151.25 94.76 77.25 118.26 138.95 149.52 156.72 162.47 21.84 17.63 7.17 4.45 3.73 5.08 3.44 102.65 29.02 16.56 25.19 73.41 38.96 20.91 18.47 107.65 10.91 7.17 7.54 6.28 10.58 9.41 9.14 6.41 15.09 21.71 12.85 19.55 58.51 10.44 11.62 17.98 15.89 13.89 17.35 58.58 13.48 43.19 109.97 85.84 10.78 32.45 42.69 48.08 6.71 82.46 98.17 15.72 81.26 72.94 111.62 112.84 37.78 41.09 90.62 13.41
13.01 9.67 13.11 8.90 12.32 15.92 8.13 1.36 1.78 6.95 1.56 5.01 0.94 1.68 0.38 7.02 6.33 6.00 1.62 7.54 1.42 1.15 3.37 2.44 0.00 7.66 5.33 2.52 1.54 4.85 8.04 81.51 112.89 120.10 94.19 48.87 51.56 49.47 87.81 49.45 14.36 20.33 22.19 17.92 11.10 11.65 7.84 8.34 10.15 6.50 9.62 9.53 5.61 7.23 6.51 10.19 15.65 84.80 78.10 82.31 86.32 98.84 81.40 83.72 6.72 5.53 3.43 5.43 5.76 10.63 5.88 23.84 19.65 25.60 19.26 24.57 22.11 23.00 19.41 94.97 98.66 96.03 52.13 79.26 57.12 48.97 53.27 75.06 75.53 51.24 44.27 61.11 64.78 83.30 45.16 74.84 60.81 55.10 73.37 47.83 65.09 70.50 68.54 55.57 47.86 75.08 76.42 83.23 59.79 46.68 10.01 12.16 8.27 7.59 9.17 20.81 21.06 9.90 115.10 116.08 124.39 98.63 27.38 177.42 155.57 14.69 17.45 24.25 17.45 10.08 10.08 18.22 10.29 103.71 91.20 134.72 144.12 89.83 82.26 137.54 146.59 150.68 136.78 125.60 19.04 16.49 4.43 7.58 12.32 9.11 8.35 99.31 33.95 22.19 23.93 77.82 81.50 24.48 22.10 111.07 8.68 9.43 8.16 12.42 9.18 13.50 9.42 9.12 9.38 19.88 9.74 19.10 78.07 11.62 11.38 12.91 12.57 16.91 17.34 56.85 15.47 55.32 87.90 89.75 15.51 57.26 68.73 60.84 11.97 87.88 72.59 18.84 83.78 82.49 133.17 103.69 37.84 39.16 90.25 16.18
9.30 12.84 10.23 15.01 9.09 13.69 4.47 1.73 2.64 6.03 1.06 5.54 2.92 3.20 1.53 5.93 9.43 3.25 5.97 4.72 2.12 1.23 7.76 2.19 7.66 0.00 4.94 7.99 0.74 5.02 3.96 86.40 128.47 124.69 97.17 47.78 50.24 47.45 72.94 51.77 15.66 19.41 19.87 20.42 11.12 9.77 9.21 7.88 9.15 9.89 17.49 14.99 4.06 12.26 10.56 13.06 10.06 131.79 87.67 93.27 84.76 87.55 91.98 83.79 6.92 2.72 6.39 4.93 6.96 5.59 9.75 22.73 21.79 21.63 15.02 18.43 18.67 18.18 23.80 105.04 105.16 107.86 43.93 71.96 53.54 43.44 42.68 64.20 63.09 53.09 50.19 76.23 59.89 75.48 46.70 81.09 77.08 49.94 73.89 47.41 67.05 78.09 77.41 54.57 44.37 81.02 83.81 77.77 56.22 49.87 11.65 10.27 7.28 10.11 8.82 21.35 22.16 13.00 134.73 117.83 114.20 122.04 20.51 134.37 168.20 13.62 20.45 14.92 9.63 12.73 12.68 17.16 10.82 111.32 92.36 132.40 135.47 96.71 70.25 127.26 132.61 143.26 145.57 128.63 18.76 19.05 4.78 6.16 6.33 9.09 6.41 98.79 27.08 21.11 26.46 114.21 60.50 19.98 22.43 106.15 11.85 10.09 9.45 6.87 7.42 7.88 10.81 8.00 16.00 25.95 9.90 19.12 73.30 11.32 11.77 19.26 15.47 20.74 18.47 55.02 18.44 49.75 108.08 110.40 14.34 48.20 43.90 72.84 12.15 99.06 73.77 17.97 98.69 84.38 118.87 100.48 37.72 49.57 95.82 16.81
9.33 12.88 17.20 10.77 10.95 12.59 1.97 4.45 4.74 3.45 3.96 12.55 6.90 6.55 5.70 8.34 2.83 7.48 3.55 2.23 3.90 4.44 4.86 2.44 5.33 4.94 0.00 7.47 5.65 11.71 4.00 92.41 111.47 133.42 83.85 46.48 50.04 65.25 58.37 45.77 17.21 14.62 18.24 19.59 5.92 6.09 14.52 8.55 10.83 8.21 12.44 16.02 12.74 9.01 5.76 18.45 10.97 78.89 131.05 93.06 87.43 90.35 82.29 101.63 2.61 2.86 2.71 1.38 8.71 4.25 4.90 24.02 26.24 24.29 17.49 23.24 27.82 19.29 22.03 105.60 102.23 99.83 50.70 65.44 56.86 44.91 49.72 69.74 56.75 50.03 54.56 61.00 59.63 59.38 42.97 71.26 58.72 63.78 59.10 44.07 63.42 62.96 73.13 53.21 45.46 73.18 74.18 80.13 50.96 47.74 14.12 10.99 10.46 9.43 8.83 21.02 20.69 12.87 111.17 133.13 114.27 103.47 20.73 152.36 141.17 14.86 15.85 14.89 14.01 12.55 15.43 13.29 6.42 133.10 100.03 139.15 154.18 91.21 96.17 129.03 140.51 153.56 133.32 117.96 23.12 21.05 13.49 8.92 9.85 5.50 3.88 101.48 31.84 28.64 28.85 73.43 50.28 23.79 25.90 100.05 8.41 7.95 6.18 11.85 6.08 12.86 10.73 10.10 17.10 20.65 10.03 16.77 92.58 10.00 12.09 16.30 17.32 15.70 20.93 75.66 17.22 45.52 102.17 102.96 19.54 47.88 72.45 58.82 13.74 81.60 61.31 14.13 83.93 81.26 123.33 100.72 42.42 48.07 88.69 17.29
13.07 11.90 16.92 9.47 13.84 13.79 8.23 2.11 1.98 3.81 2.21 6.47 1.54 3.54 2.44 4.64 3.12 3.04 4.24 3.00 7.20 1.18 2.04 2.46 2.52 7.99 7.47 0.00 1.04 3.29 2.49 73.80 106.41 104.64 97.15 54.92 49.20 54.39 82.19 49.85 16.26 15.77 19.93 19.65 7.03 9.53 12.82 12.44 9.78 8.40 19.65 12.75 8.56 10.17 6.70 16.16 9.25 103.61 86.89 106.27 83.91 85.61 91.00 87.44 5.68 4.90 4.32 8.43 6.10 4.94 4.72 18.96 21.26 22.96 18.07 21.86 24.06 24.24 24.49 98.76 98.29 89.75 51.01 73.13 60.07 44.70 46.45 69.39 74.00 48.44 48.07 59.39 60.22 69.69 49.52 78.90 65.55 55.35 69.09 49.31 63.47 76.85 69.62 66.82 47.34 82.51 68.10 79.42 57.23 51.65 7.72 12.19 6.58 7.82 5.84 20.38 31.27 9.80 119.44 126.46 114.86 100.76 14.34 128.20 125.57 16.22 15.82 19.54 12.93 11.96 14.75 12.68 9.07 93.21 104.89 144.51 136.11 105.29 94.09 146.77 133.04 149.82 136.22 132.02 24.30 15.77 14.79 9.27 5.45 6.72 11.34 90.87 33.90 21.47 25.58 78.03 57.74 19.25 24.85 104.30 13.94 15.75 6.73 9.04 9.13 8.28 8.87 13.92 10.49 18.82 12.56 20.83 58.41 12.31 9.88 17.19 18.85 18.42 25.91 73.68 16.14 46.85 108.93 91.52 14.41 46.29 44.69 78.02 12.97 97.17 68.22 18.30 105.95 96.50 75.79 92.72 43.62 35.37 77.52 14.25
9.12 15.87 15.29 8.70 7.61 12.17 3.35 2.76 3.22 3.39 1.24 7.72 2.33 2.59 1.83 7.49 4.35 4.92 5.55 4.28 1.37 0.82 4.05 2.38 1.54 0.74 5.65 1.04 0.00 5.70 3.98 80.83 115.49 110.45 87.58 49.09 53.31 65.40 85.68 47.96 15.53 22.24 20.60 16.90 8.13 7.73 11.76 8.93 9.90 8.77 13.99 13.69 6.89 5.95 9.26 12.04 14.36 100.09 85.80 89.27 89.51 78.90 94.79 89.83 6.31 4.93 4.06 4.77 5.64 5.13 5.30 18.89 24.07 20.14 20.26 21.24 17.47 21.85 19.93 105.71 106.64 106.19 48.73 74.29 57.46 45.07 44.70 68.92 64.70 58.39 51.20 71.95 62.76 77.73 49.20 74.01 71.48 57.73 66.48 48.27 75.35 73.28 75.04 58.83 45.16 68.30 77.05 75.74 58.97 49.79 10.75 8.41 7.23 9.67 5.97 19.80 25.38 10.18 119.22 123.98 126.95 106.64 15.94 134.80 132.51 15.45 17.74 17.72 11.87 8.71 12.75 17.24 9.06 107.27 94.54 139.23 164.50 90.09 82.92 136.22 141.05 154.84 144.33 130.06 17.27 17.71 10.98 5.22 5.81 13.06 12.54 92.55 32.11 26.73 23.01 70.08 51.58 19.76 27.03 97.21 9.44 11.22 8.14 8.16 8.90 13.91 13.94 6.89 11.47 16.27 11.36 14.28 76.53 11.37 13.13 15.84 13.81 14.69 14.78 55.85 19.06 60.94 108.98 113.05 19.20 44.85 62.60 71.16 9.91 96.69 62.22 18.69 90.57 83.73 122.10 101.82 42.90 27.45 89.67 14.80
9.22 12.54 16.41 14.68 11.63 11.09 8.90 9.02 1.94 5.86 3.06 5.73 7.39 3.24 2.54 7.74 5.92 4.80 2.50 7.68 1.54 5.02 7.16 4.55 4.85 5.02 11.71 3.29 5.70 0.00 7.68 92.65 123.63 117.92 85.67 56.21 49.74 51.24 86.16 50.70 10.46 15.33 19.03 18.81 10.77 8.80 12.84 8.54 16.51 8.89 9.71 12.39 8.68 8.92 7.79 14.26 14.34 84.25 128.83 83.84 114.15 86.69 92.44 80.26 10.09 6.84 7.76 11.74 6.98 11.62 11.10 28.89 26.25 22.56 19.46 29.81 22.57 22.24 23.66 106.84 96.03 98.22 58.59 79.49 56.47 46.94 55.17 66.42 58.47 60.43 49.16 68.27 57.55 69.05 52.23 93.73 65.16 60.50 75.55 53.33 71.56 82.69 76.27 53.67 51.03 79.99 81.12 77.44 60.86 52.46 6.83 4.01 6.37 6.47 3.24 17.82 22.98 10.53 119.63 135.88 112.97 101.61 16.75 157.55 139.61 16.94 18.83 15.17 14.19 16.62 16.93 17.67 12.66 110.25 104.83 146.74 142.71 78.11 88.00 136.84 151.86 133.18 147.63 125.11 16.80 27.08 10.03 7.32 14.45 13.08 7.28 94.29 28.57 24.85 24.52 82.60 52.19 19.85 25.86 113.91 8.39 14.07 11.90 10.30 16.94 13.38 12.68 10.57 13.89 14.96 6.25 16.75 80.42 15.09 13.22 15.25 18.68 18.65 20.77 53.32 18.36 54.59 111.07 111.05 18.47 55.58 64.33 67.66 11.46 85.91 66.44 23.91 84.91 76.56 114.15 82.19 43.32 47.47 81.24 16.40
14.77 12.69 12.56 11.43 9.71 11.33 6.50 7.32 2.96 5.80 4.84 2.90 3.70 5.72 6.38 5.25 2.33 10.09 5.66 5.42 4.13 3.15 3.62 4.28 8.04 3.96 4.00 2.49 3.98 7.68 0.00 68.82 110.66 113.35 90.27 47.72 61.48 54.76 103.69 49.24 18.85 15.29 15.15 13.66 8.97 12.30 14.09 14.15 16.84 10.42 14.44 16.42 8.27 8.79 8.67 12.57 14.19 83.60 75.38 118.21 86.84 89.65 102.67 77.94 7.74 5.41 8.51 8.33 5.95 7.21 13.88 24.60 24.22 22.27 25.23 20.76 25.38 33.03 21.00 105.28 103.21 94.74 57.24 79.06 49.68 47.18 47.00 74.72 77.87 54.13 45.10 65.91 65.38 80.03 48.99 87.44 70.78 57.46 70.90 51.07 63.50 76.98 71.67 52.16 47.76 63.90 74.66 84.69 60.63 47.51 6.53 6.11 5.39 8.60 5.93 20.95 25.98 9.87 118.21 116.85 109.43 93.27 11.42 127.91 152.79 13.36 15.34 12.81 11.41 8.56 11.66 13.91 11.04 101.51 94.91 135.46 125.18 91.22 74.62 144.39 128.33 136.82 138.94 127.19 20.59 12.86 17.03 9.45 12.09 11.55 8.13 101.32 25.16 18.03 24.84 76.22 62.47 26.42 20.32 105.48 7.91 8.32 13.30 11.28 11.10 11.84 11.43 9.03 13.87 18.64 8.53 23.55 90.60 12.61 18.18 21.05 20.58 16.70 15.11 63.13 15.48 72.38 89.95 122.58 16.81 42.49 61.58 78.64 12.34 93.52 58.09 14.42 78.47 79.23 72.44 108.21 46.66 38.81 89.52 14.00
87.89 76.63 106.36 86.79 114.72 111.46 83.84 86.63 82.09 80.99 76.39 70.44 81.60 77.67 77.00 77.18 64.15 77.00 73.94 79.23 86.85 78.02 87.71 81.01 81.51 86.40 92.41 73.80 80.83 92.65 68.82 0.00 29.27 68.10 103.34 107.52 109.14 118.69 91.62 96.27 61.82 73.96 80.86 73.91 91.76 98.88 71.64 93.17 87.25 89.57 92.94 99.02 83.75 107.81 84.15 83.22 95.67 30.05 30.85 35.18 32.29 32.23 31.61 33.01 89.30 100.14 86.41 80.12 73.48 88.63 81.34 99.03 85.99 101.08 87.14 99.90 98.63 106.27 85.89 144.98 150.87 145.92 111.93 104.71 110.18 113.52 87.42 100.88 108.19 98.74 89.88 103.49 110.77 76.32 91.41 106.08 92.43 106.67 80.09 87.21 94.41 90.02 139.27 90.30 107.62 100.06 94.48 89.76 90.13 104.80 78.58 83.52 68.88 88.09 80.51 75.84 60.47 78.67 47.83 55.17 27.36 134.53 119.12 86.72 86.12 74.89 70.84 63.00 62.78 113.12 83.26 66.10 116.84 34.74 52.67 119.86 79.12 106.42 144.88 120.91 89.15 77.85 79.67 67.65 58.72 81.50 95.65 78.93 107.58 106.86 108.78 157.46 55.48 68.84 67.74 43.34 34.48 65.27 71.77 143.11 99.26 85.54 95.46 99.19 93.41 94.11 96.75 84.23 108.65 119.26 110.00 128.03 27.21 118.30 88.27 102.34 94.57 56.64 67.17 82.52 67.46 80.93 10.40 10.75 57.38 58.78 88.63 37.80 79.34 172.71 62.85 87.76 93.39 18.41 19.61 20.43 30.48 57.51 128.90 74.87
129.38 121.01 130.30 136.76 136.02 90.42 81.36 88.62 110.91 121.36 96.38 105.95 127.76 118.87 93.06 116.67 87.72 117.94 128.43 128.49 126.00 122.15 108.38 91.26 112.89 128.47 111.47 106.41 115.49 123.63 110.66 29.27 0.00 1.16 91.10 109.35 105.82 120.03 83.03 110.23 109.14 118.11 111.52 123.11 118.99 130.14 127.42 123.14 120.82 105.42 112.55 116.77 80.57 125.27 91.20 120.19 123.08 77.94 51.98 42.20 72.41 110.97 33.52 44.66 92.14 100.29 78.66 79.99 101.78 94.12 77.69 108.38 115.49 107.56 84.74 91.71 127.91 126.99 93.51 144.19 147.71 139.01 112.34 90.89 107.84 92.60 106.03 94.17 82.92 94.68 103.01 93.41 108.79 108.86 104.11 92.37 86.27 96.33 55.92 82.74 115.13 110.05 114.49 97.87 114.98 111.67 85.49 84.00 96.60 93.72 133.90 112.94 115.56 120.95 131.63 87.31 87.42 118.56 24.72 16.75 23.96 147.05 108.21 115.77 119.68 106.09 72.33 119.85 85.99 112.10 105.27 138.00 123.96 47.80 66.29 107.39 95.72 132.85 102.41 120.33 101.76 107.10 120.71 128.18 90.69 124.24 126.95 121.61 113.24 114.37 144.98 142.78 91.88 87.17 111.39 28.79 54.21 146.57 117.63 141.07 108.52 123.46 114.06 132.01 121.91 111.88 121.78 88.01 132.32 138.67 106.23 149.87 37.73 126.12 125.90 93.41 105.88 115.52 129.64 114.08 88.00 137.66 28.31 41.83 114.84 124.18 99.66 61.67 108.03 122.00 100.55 103.46 122.05 62.47 26.88 26.73 46.56 133.57 144.59 101.39
